original image [[255 255 255 ... 255 255 255]
 [255 255 255 ... 255 255 255]
 [255 255 255 ... 255 255 255]
 ...
 [253 255 254 ... 255 255 255]
 [252 255 254 ... 255 255 255]
 [250 254 253 ... 255 255 255]]
blurred image [[255 255 255 ... 255 255 255]
 [255 255 255 ... 255 255 255]
 [255 255 255 ... 255 255 255]
 ...
 [251 249 247 ... 255 255 255]
 [250 249 247 ... 255 255 255]
 [249 248 246 ... 255 255 255]]




 original image [[255 255 255 ... 255 255 255]
 [255 255 255 ... 255 255 255]
 [255 255 255 ... 255 255 255]
 ...
 [253 255 254 ... 255 255 255]
 [252 255 254 ... 255 255 255]
 [250 254 253 ... 255 255 255]]
blurred image [[255 255 255 ... 255 255 255]
 [255 255 255 ... 255 255 255]
 [255 255 255 ... 255 255 255]
 ...
 [251 249 247 ... 255 255 255]
 [250 249 247 ... 255 255 255]
 [249 248 246 ... 255 255 255]]